Method: sgd, Scoretype: mark
25\%: (array([[  1.00000000e+00,   0.00000000e+00,   0.00000000e+00,
          0.00000000e+00,   0.00000000e+00,   0.00000000e+00,
          0.00000000e+00,   0.00000000e+00],
       [  0.00000000e+00,   0.00000000e+00,   1.00000000e+00,
          0.00000000e+00,   0.00000000e+00,   0.00000000e+00,
          0.00000000e+00,   0.00000000e+00],
       [  0.00000000e+00,   0.00000000e+00,   9.97860318e-01,
          2.13968219e-03,   0.00000000e+00,   0.00000000e+00,
          0.00000000e+00,   0.00000000e+00],
       [  0.00000000e+00,   0.00000000e+00,   9.33714607e-01,
          6.62853928e-02,   0.00000000e+00,   0.00000000e+00,
          0.00000000e+00,   0.00000000e+00],
       [  0.00000000e+00,   0.00000000e+00,   9.99866625e-01,
          1.33374828e-04,   0.00000000e+00,   0.00000000e+00,
          0.00000000e+00,   0.00000000e+00],
       [  0.00000000e+00,   0.00000000e+00,   9.65928450e-01,
          3.40715503e-02,   0.00000000e+00,   0.00000000e+00,
          0.00000000e+00,   0.00000000e+00],
       [  0.00000000e+00,   0.00000000e+00,   1.00000000e+00,
          0.00000000e+00,   0.00000000e+00,   0.00000000e+00,
          0.00000000e+00,   0.00000000e+00],
       [  0.00000000e+00,   0.00000000e+00,   9.99791319e-01,
          2.08681135e-04,   0.00000000e+00,   0.00000000e+00,
          0.00000000e+00,   0.00000000e+00]]), array([ 1.        ,  0.        ,  0.99786032,  0.06628539,  0.        ,
        0.        ,  0.        ,  0.        ]))
50\%: (array([[  1.00000000e+00,   0.00000000e+00,   0.00000000e+00,
          0.00000000e+00,   0.00000000e+00,   0.00000000e+00,
          0.00000000e+00,   0.00000000e+00],
       [  0.00000000e+00,   0.00000000e+00,   1.00000000e+00,
          0.00000000e+00,   0.00000000e+00,   0.00000000e+00,
          0.00000000e+00,   0.00000000e+00],
       [  0.00000000e+00,   0.00000000e+00,   9.98930159e-01,
          1.06984109e-03,   0.00000000e+00,   0.00000000e+00,
          0.00000000e+00,   0.00000000e+00],
       [  0.00000000e+00,   0.00000000e+00,   9.50778174e-01,
          4.92218264e-02,   0.00000000e+00,   0.00000000e+00,
          0.00000000e+00,   0.00000000e+00],
       [  0.00000000e+00,   0.00000000e+00,   9.99911083e-01,
          8.89165518e-05,   0.00000000e+00,   0.00000000e+00,
          0.00000000e+00,   0.00000000e+00],
       [  0.00000000e+00,   0.00000000e+00,   9.75298126e-01,
          2.47018739e-02,   0.00000000e+00,   0.00000000e+00,
          0.00000000e+00,   0.00000000e+00],
       [  0.00000000e+00,   0.00000000e+00,   1.00000000e+00,
          0.00000000e+00,   0.00000000e+00,   0.00000000e+00,
          0.00000000e+00,   0.00000000e+00],
       [  0.00000000e+00,   0.00000000e+00,   1.00000000e+00,
          0.00000000e+00,   0.00000000e+00,   0.00000000e+00,
          0.00000000e+00,   0.00000000e+00]]), array([ 1.        ,  0.        ,  0.99893016,  0.04922183,  0.        ,
        0.        ,  0.        ,  0.        ]))
75\%: (array([[  1.00000000e+00,   0.00000000e+00,   0.00000000e+00,
          0.00000000e+00,   0.00000000e+00,   0.00000000e+00,
          0.00000000e+00,   0.00000000e+00],
       [  0.00000000e+00,   0.00000000e+00,   9.99678881e-01,
          3.21118921e-04,   0.00000000e+00,   0.00000000e+00,
          0.00000000e+00,   0.00000000e+00],
       [  0.00000000e+00,   0.00000000e+00,   9.98025888e-01,
          1.97411154e-03,   0.00000000e+00,   0.00000000e+00,
          0.00000000e+00,   0.00000000e+00],
       [  0.00000000e+00,   0.00000000e+00,   9.49653103e-01,
          5.03468967e-02,   0.00000000e+00,   0.00000000e+00,
          0.00000000e+00,   0.00000000e+00],
       [  0.00000000e+00,   0.00000000e+00,   9.99599876e-01,
          4.00124483e-04,   0.00000000e+00,   0.00000000e+00,
          0.00000000e+00,   0.00000000e+00],
       [  0.00000000e+00,   0.00000000e+00,   9.76149915e-01,
          2.38500852e-02,   0.00000000e+00,   0.00000000e+00,
          0.00000000e+00,   0.00000000e+00],
       [  0.00000000e+00,   0.00000000e+00,   9.99061914e-01,
          9.38086304e-04,   0.00000000e+00,   0.00000000e+00,
          0.00000000e+00,   0.00000000e+00],
       [  0.00000000e+00,   0.00000000e+00,   9.99373957e-01,
          6.26043406e-04,   0.00000000e+00,   0.00000000e+00,
          0.00000000e+00,   0.00000000e+00]]), array([ 1.        ,  0.        ,  0.99802589,  0.0503469 ,  0.        ,
        0.        ,  0.        ,  0.        ]))
